40
80
2 4 6 14 15 37 
2 4 15 21 29 39 
17 24 26 27 31 39 
5 10 18 19 25 31 
26 30 31 33 35 36 
6 7 8 15 30 40 
3 12 17 19 30 40 
8 9 17 18 37 40 
4 15 18 22 27 30 
4 7 9 29 30 33 
2 13 24 27 33 37 
5 8 14 23 28 36 
3 4 11 23 29 34 
7 8 10 19 21 39 
10 13 18 23 29 39 
10 19 21 23 26 32 
5 11 12 14 16 22 
9 10 17 22 32 39 
1 5 11 12 21 30 
1 5 7 22 28 30 
8 10 12 19 27 36 
2 11 15 19 22 26 
3 8 13 22 34 38 
13 19 23 26 27 30 
15 16 18 25 34 37 
1 4 5 30 32 34 
5 11 18 20 36 38 
3 14 22 30 31 39 
14 16 21 31 32 35 
1 15 21 30 33 40 
5 6 13 21 25 34 
5 10 24 30 37 39 
2 7 13 20 22 28 
11 12 20 21 33 38 
7 11 18 30 39 40 
3 8 18 22 24 38 
9 11 13 21 31 39 
1 9 10 20 37 39 
2 9 19 23 24 39 
10 19 25 26 34 39 
1 
2 
3 
4 
5 
6 
7 
8 
9 
10 
11 
12 
13 
14 
15 
16 
17 
18 
19 
20 
21 
22 
23 
24 
25 
26 
27 
28 
29 
30 
31 
32 
33 
34 
35 
36 
37 
38 
39 
40 
