100
175
13 21 27 28 46 63 71 77 
24 33 34 44 56 58 71 83 
20 22 37 43 66 84 90 98 
7 15 40 48 52 59 88 89 
13 37 42 47 49 50 65 93 
6 12 24 39 42 59 81 87 
23 30 32 47 55 58 59 81 
8 51 53 56 61 65 82 89 
4 7 46 49 50 75 78 89 
11 12 40 55 64 89 92 97 
31 41 49 50 64 72 84 91 
3 16 21 50 58 64 68 72 
1 7 12 14 16 65 74 100 
48 51 60 64 67 70 83 84 
16 27 46 50 53 54 67 76 
6 11 16 35 48 53 93 96 
47 51 62 77 78 85 86 89 
2 7 11 21 31 35 41 60 
5 9 27 48 57 68 69 84 
13 40 47 51 61 64 66 93 
20 28 46 49 55 61 62 82 
2 38 45 53 62 78 97 100 
45 59 60 63 71 79 83 94 
25 50 51 52 54 65 89 97 
40 42 54 57 78 80 97 100 
2 17 38 55 68 72 90 93 
3 16 41 64 70 75 90 94 
14 39 58 73 74 80 82 83 
8 22 23 25 40 46 85 92 
2 34 55 57 65 78 84 92 
12 16 28 45 58 61 79 91 
7 8 12 14 21 42 45 87 
1 3 27 38 39 62 68 70 
2 20 28 38 74 80 85 87 
7 16 34 51 64 70 71 87 
1 12 21 23 65 68 80 87 
4 12 21 40 54 57 72 79 
2 15 27 31 34 41 49 96 
5 7 21 26 31 75 80 88 
6 16 47 57 66 70 88 90 
2 15 36 48 52 58 84 95 
15 33 55 60 63 64 70 89 
1 2 5 48 64 84 86 91 
3 4 18 31 71 74 76 99 
12 27 31 40 41 42 66 92 
9 14 18 57 61 73 77 83 
7 14 27 47 77 87 93 97 
34 39 62 64 65 68 81 93 
13 24 26 28 51 55 78 88 
7 8 9 28 40 45 51 88 
6 30 34 52 56 81 86 100 
14 34 41 49 70 95 97 100 
5 32 47 67 68 78 90 100 
7 11 22 36 43 62 65 89 
6 20 27 29 68 72 76 88 
4 15 27 28 41 49 56 94 
2 14 38 53 55 64 90 96 
15 31 74 88 92 94 97 98 
53 58 59 66 73 75 80 84 
24 32 34 46 55 56 88 89 
29 31 32 33 49 60 86 92 
1 10 18 22 37 44 85 97 
8 13 15 32 45 52 83 86 
6 18 24 34 35 75 97 98 
10 15 29 50 58 78 94 99 
4 8 11 44 63 70 82 88 
20 22 23 39 85 91 93 98 
7 24 33 50 51 69 80 91 
38 45 49 60 70 83 90 95 
9 32 35 40 72 82 98 100 
1 10 15 32 36 65 80 95 
5 14 23 33 62 81 86 89 
5 7 24 37 49 63 98 100 
13 22 30 31 32 50 59 75 
13 25 27 33 37 40 82 93 
1 
2 
3 
4 
5 
6 
7 
8 
9 
10 
11 
12 
13 
14 
15 
16 
17 
18 
19 
20 
21 
22 
23 
24 
25 
26 
27 
28 
29 
30 
31 
32 
33 
34 
35 
36 
37 
38 
39 
40 
41 
42 
43 
44 
45 
46 
47 
48 
49 
50 
51 
52 
53 
54 
55 
56 
57 
58 
59 
60 
61 
62 
63 
64 
65 
66 
67 
68 
69 
70 
71 
72 
73 
74 
75 
76 
77 
78 
79 
80 
81 
82 
83 
84 
85 
86 
87 
88 
89 
90 
91 
92 
93 
94 
95 
96 
97 
98 
99 
100 
