150
250
2 5 17 30 56 66 86 93 106 124 
9 11 17 21 34 54 82 97 128 141 
25 65 70 79 81 111 117 126 131 148 
22 34 39 44 53 74 85 118 128 147 
1 29 38 56 66 106 108 111 120 123 
3 7 14 15 63 65 87 114 138 144 
15 39 43 45 55 59 78 80 104 140 
12 16 37 72 76 84 90 119 144 146 
19 47 59 63 71 97 131 134 135 146 
2 7 35 42 50 86 132 136 146 147 
6 21 40 60 73 101 105 122 133 135 
20 51 57 70 87 88 105 132 134 135 
5 37 38 55 58 63 105 130 135 143 
29 43 52 66 74 84 111 124 132 134 
25 30 47 48 68 73 74 117 129 140 
22 44 46 55 69 89 95 107 118 150 
8 25 42 43 78 83 87 129 131 135 
15 34 52 74 84 105 112 139 141 146 
14 45 55 58 78 84 85 91 136 147 
19 42 56 60 65 71 77 92 104 150 
9 11 20 27 38 50 92 101 104 149 
14 19 22 42 46 53 72 85 109 139 
11 14 17 44 78 87 95 129 138 150 
20 27 34 40 49 87 104 120 127 141 
3 7 12 54 69 96 104 130 132 136 
18 61 64 67 80 81 97 116 120 150 
6 26 29 54 63 70 78 93 108 149 
18 21 48 55 56 79 86 88 116 149 
19 28 38 69 76 79 81 133 146 148 
33 40 42 72 89 94 112 135 138 139 
3 13 16 17 47 50 66 69 95 114 
6 11 14 20 26 27 62 103 134 142 
31 48 51 56 75 77 81 91 103 126 
9 17 20 59 62 94 101 123 130 134 
32 36 76 81 82 97 101 109 125 150 
4 36 55 64 87 90 113 115 120 142 
13 34 39 57 70 98 103 124 125 142 
8 27 37 50 69 76 127 130 141 147 
15 21 30 32 53 60 61 67 123 127 
10 28 42 62 66 73 100 116 126 129 
20 24 26 27 29 44 45 111 113 141 
14 29 34 39 62 83 87 91 113 149 
23 26 38 54 63 90 109 113 119 136 
4 8 9 29 33 49 65 69 123 130 
9 52 60 63 64 76 85 98 112 127 
11 35 37 38 69 72 105 109 113 114 
2 33 63 75 83 86 90 104 131 133 
4 7 8 22 24 42 55 68 142 148 
11 19 20 22 63 88 107 115 125 133 
1 3 23 27 81 96 115 118 125 141 
12 42 45 48 54 57 63 68 82 86 
7 58 60 70 90 116 126 130 138 142 
29 34 53 65 80 101 123 131 147 148 
37 44 62 68 78 85 98 104 125 133 
9 29 43 53 83 87 91 108 136 148 
19 31 52 55 58 75 85 128 140 142 
17 26 35 66 78 92 94 116 118 134 
8 24 27 41 46 47 63 94 96 122 
4 29 60 64 67 77 116 132 149 150 
32 36 38 42 75 85 101 108 137 142 
31 54 57 96 101 107 110 119 137 149 
11 15 23 36 63 65 71 76 94 106 
25 43 72 82 83 89 98 121 136 140 
26 32 46 54 58 64 69 73 102 113 
2 6 7 14 18 28 40 41 71 127 
6 28 33 40 41 86 118 135 146 150 
10 12 34 64 80 108 116 135 137 150 
29 39 61 65 69 72 91 96 101 117 
13 21 23 40 79 84 86 103 120 127 
11 58 66 79 96 101 104 105 123 129 
8 10 17 24 48 65 72 73 74 111 
36 37 45 57 62 89 93 113 123 138 
10 33 46 75 88 100 106 130 134 136 
13 16 33 56 63 94 98 102 114 136 
7 46 56 76 82 85 112 118 126 142 
7 78 90 107 109 122 123 124 126 139 
9 11 34 47 66 69 74 93 96 113 
9 22 44 65 74 92 95 99 105 137 
37 38 40 43 48 68 74 76 93 129 
28 51 60 101 102 113 121 127 129 149 
4 13 25 40 54 66 98 100 106 123 
1 28 69 87 88 89 107 115 133 136 
5 11 20 36 42 59 90 119 147 150 
5 11 43 55 69 77 79 104 108 132 
16 26 33 35 58 75 89 118 130 145 
2 20 23 30 33 47 61 62 77 132 
9 16 17 32 55 113 120 136 138 147 
5 16 28 41 83 98 109 112 134 139 
7 22 24 59 95 108 111 118 122 126 
5 9 34 64 76 86 87 113 131 140 
14 40 45 61 62 70 74 92 108 147 
37 53 56 62 71 74 77 87 109 114 
28 33 39 69 72 78 109 110 111 134 
14 17 22 24 26 67 74 94 101 142 
1 16 24 33 53 69 72 120 128 148 
1 19 20 26 36 37 38 108 116 150 
1 8 26 43 46 48 52 112 120 125 
31 41 42 54 76 101 104 106 127 150 
29 45 50 55 74 78 82 86 119 145 
13 39 57 68 70 71 72 91 103 108 
1 
2 
3 
4 
5 
6 
7 
8 
9 
10 
11 
12 
13 
14 
15 
16 
17 
18 
19 
20 
21 
22 
23 
24 
25 
26 
27 
28 
29 
30 
31 
32 
33 
34 
35 
36 
37 
38 
39 
40 
41 
42 
43 
44 
45 
46 
47 
48 
49 
50 
51 
52 
53 
54 
55 
56 
57 
58 
59 
60 
61 
62 
63 
64 
65 
66 
67 
68 
69 
70 
71 
72 
73 
74 
75 
76 
77 
78 
79 
80 
81 
82 
83 
84 
85 
86 
87 
88 
89 
90 
91 
92 
93 
94 
95 
96 
97 
98 
99 
100 
101 
102 
103 
104 
105 
106 
107 
108 
109 
110 
111 
112 
113 
114 
115 
116 
117 
118 
119 
120 
121 
122 
123 
124 
125 
126 
127 
128 
129 
130 
131 
132 
133 
134 
135 
136 
137 
138 
139 
140 
141 
142 
143 
144 
145 
146 
147 
148 
149 
150 
