50
95
2 13 15 18 37 50 
9 10 14 23 31 32 
7 21 23 28 35 50 
4 32 39 42 46 49 
3 8 30 33 39 44 
3 4 10 32 36 44 
6 12 24 25 36 50 
3 5 14 36 45 50 
6 8 18 22 34 48 
1 4 6 26 36 49 
4 13 22 34 41 50 
8 9 18 39 45 47 
6 9 19 21 47 49 
6 9 12 17 22 32 
1 9 15 19 36 38 
9 17 22 28 48 49 
1 6 9 10 15 45 
5 15 30 35 40 48 
7 42 43 44 47 49 
6 13 20 30 32 33 
9 13 24 26 32 45 
22 23 24 29 31 38 
9 14 20 22 37 41 
24 27 32 41 44 50 
24 27 35 45 47 50 
6 8 38 40 46 47 
8 33 35 43 47 48 
20 22 23 26 36 47 
4 24 28 36 44 50 
14 18 19 32 33 47 
2 10 13 18 22 27 
1 6 16 32 36 50 
1 18 20 22 41 43 
15 20 21 26 37 38 
3 4 14 18 26 39 
5 17 22 27 31 39 
2 13 21 22 27 38 
18 20 29 30 32 40 
10 12 31 34 38 46 
14 18 24 30 41 46 
10 12 27 33 36 40 
8 14 15 39 47 48 
2 8 16 30 45 47 
6 7 19 20 25 41 
3 17 18 42 47 49 
1 
2 
3 
4 
5 
6 
7 
8 
9 
10 
11 
12 
13 
14 
15 
16 
17 
18 
19 
20 
21 
22 
23 
24 
25 
26 
27 
28 
29 
30 
31 
32 
33 
34 
35 
36 
37 
38 
39 
40 
41 
42 
43 
44 
45 
46 
47 
48 
49 
50 
