150
225
25 26 30 49 58 89 93 126 
34 46 75 76 81 94 125 131 
3 30 51 53 55 61 72 116 
2 18 38 40 45 47 76 105 
33 52 67 86 89 99 115 131 
18 29 37 89 92 128 131 146 
3 9 93 106 110 123 127 148 
6 37 42 52 55 65 70 110 
22 28 48 91 105 115 116 137 
18 19 49 82 96 102 135 141 
6 45 56 70 78 87 99 149 
50 51 82 85 91 103 130 142 
1 14 40 64 65 104 118 126 
22 28 62 80 106 135 139 146 
4 54 60 71 102 114 116 123 
70 73 74 76 79 102 105 115 
42 47 83 84 95 96 110 135 
6 55 92 100 104 117 125 139 
19 24 34 54 64 136 139 141 
11 36 48 58 61 87 90 92 
13 22 31 67 75 105 118 142 
34 54 75 81 98 117 126 149 
23 31 41 49 62 84 97 107 
11 25 41 47 62 86 101 140 
1 14 29 39 71 96 136 145 
19 40 44 57 63 93 114 146 
31 54 60 68 70 110 133 145 
4 10 25 28 33 51 75 133 
3 13 29 34 47 61 88 93 
1 31 45 50 70 101 124 133 
5 22 35 41 54 63 105 126 
3 11 12 43 63 78 82 123 
36 43 82 88 96 116 135 146 
20 29 54 77 82 88 105 124 
31 85 91 93 101 102 138 143 
2 83 90 103 122 134 141 149 
1 7 36 79 82 86 91 106 
19 32 35 39 48 63 122 146 
9 79 117 118 135 137 138 141 
10 37 75 84 93 106 139 147 
6 29 49 53 66 67 94 140 
26 29 48 72 105 120 127 144 
10 50 51 53 91 94 127 140 
6 23 37 82 95 125 135 139 
8 42 48 56 66 85 111 149 
47 77 84 89 91 127 143 147 
2 20 21 22 24 70 78 90 
19 32 49 61 106 109 123 146 
12 17 32 44 88 91 136 141 
4 6 25 54 75 82 126 142 
8 41 46 54 58 64 94 106 
32 34 55 90 120 121 130 131 
21 22 28 47 77 128 129 136 
20 29 52 64 71 121 141 147 
2 22 23 33 40 50 67 92 
19 23 78 83 117 130 136 137 
4 15 21 60 77 106 109 146 
33 34 45 55 73 87 134 135 
3 13 30 51 56 57 80 113 
6 14 21 49 100 116 138 139 
35 44 47 50 65 76 129 148 
8 12 32 62 63 106 132 134 
25 27 43 47 71 110 120 136 
21 34 61 64 75 95 124 126 
44 65 74 91 122 138 141 149 
1 4 23 25 44 47 73 116 
26 37 38 50 56 74 77 120 
17 19 22 90 91 93 106 130 
26 33 72 80 93 110 133 139 
4 44 71 91 118 121 137 138 
13 42 56 65 74 95 109 111 
30 53 60 64 85 100 144 150 
45 51 68 76 85 98 105 127 
3 21 40 84 131 146 147 150 
18 29 87 100 110 119 122 126 
1 
2 
3 
4 
5 
6 
7 
8 
9 
10 
11 
12 
13 
14 
15 
16 
17 
18 
19 
20 
21 
22 
23 
24 
25 
26 
27 
28 
29 
30 
31 
32 
33 
34 
35 
36 
37 
38 
39 
40 
41 
42 
43 
44 
45 
46 
47 
48 
49 
50 
51 
52 
53 
54 
55 
56 
57 
58 
59 
60 
61 
62 
63 
64 
65 
66 
67 
68 
69 
70 
71 
72 
73 
74 
75 
76 
77 
78 
79 
80 
81 
82 
83 
84 
85 
86 
87 
88 
89 
90 
91 
92 
93 
94 
95 
96 
97 
98 
99 
100 
101 
102 
103 
104 
105 
106 
107 
108 
109 
110 
111 
112 
113 
114 
115 
116 
117 
118 
119 
120 
121 
122 
123 
124 
125 
126 
127 
128 
129 
130 
131 
132 
133 
134 
135 
136 
137 
138 
139 
140 
141 
142 
143 
144 
145 
146 
147 
148 
149 
150 
