200
300
2 14 65 71 88 97 130 136 162 163 
17 67 80 100 111 114 130 138 141 194 
23 31 63 97 102 103 107 167 175 195 
23 37 98 102 110 115 180 189 191 194 
34 76 108 116 124 127 149 151 173 196 
30 55 61 66 73 110 117 161 185 198 
22 39 41 42 46 58 167 177 181 196 
9 53 60 74 95 116 120 160 173 179 
2 33 51 113 127 156 174 189 190 198 
15 17 31 50 80 96 100 102 180 198 
11 20 25 80 90 95 134 135 149 171 
7 15 28 53 78 107 111 115 118 141 
36 49 74 77 78 106 144 162 195 199 
21 28 29 63 73 122 128 160 168 189 
5 7 8 84 88 128 136 138 177 193 
65 68 89 123 130 139 144 151 165 174 
42 56 81 119 120 141 158 167 175 198 
3 20 82 87 117 123 166 176 184 198 
15 25 27 56 62 102 113 122 151 175 
13 14 22 23 33 47 68 142 167 172 
17 48 70 87 93 97 118 156 158 192 
31 33 38 55 62 67 155 157 197 198 
11 25 48 80 96 105 130 157 176 185 
8 28 64 72 89 108 171 174 183 190 
1 21 30 64 67 101 146 158 168 181 
1 50 62 106 107 121 134 142 180 192 
47 58 69 131 162 163 165 177 191 193 
17 25 53 67 105 107 108 134 151 185 
21 47 91 106 111 117 122 136 172 195 
10 33 56 97 98 117 120 137 140 168 
25 37 58 68 81 84 142 181 196 198 
27 52 55 68 80 88 95 115 118 149 
16 25 34 63 87 90 100 126 128 191 
5 9 26 27 80 123 139 143 150 181 
1 14 22 31 33 56 64 99 166 198 
3 18 20 29 72 88 94 111 116 125 
4 22 46 122 142 147 157 164 186 199 
14 39 40 82 90 91 100 112 188 199 
27 56 65 66 125 145 152 156 162 199 
12 15 22 25 29 50 161 164 178 182 
20 30 35 49 56 79 82 105 144 194 
6 19 54 64 85 89 118 137 179 181 
6 33 35 67 144 158 164 174 177 178 
28 33 76 85 89 102 110 112 126 180 
8 47 87 110 127 144 152 160 162 183 
9 17 29 46 65 90 125 158 169 198 
23 44 58 68 69 101 113 116 160 172 
27 54 61 98 111 115 160 163 176 178 
26 27 67 71 77 87 102 116 117 148 
44 86 110 126 131 150 153 187 191 197 
2 11 44 48 60 92 121 122 130 179 
2 3 39 46 57 69 78 85 132 155 
13 45 65 71 87 115 127 131 151 193 
1 14 21 28 35 59 72 105 116 155 
5 22 37 62 94 118 127 142 156 170 
32 38 44 50 62 79 103 129 169 173 
32 67 132 137 146 165 166 167 179 187 
15 50 60 64 73 77 151 160 173 174 
26 38 42 54 86 102 112 120 162 188 
6 43 46 89 135 143 147 149 165 188 
4 7 40 43 79 86 121 147 148 189 
10 20 32 110 113 118 136 173 182 195 
46 47 56 58 83 96 109 164 178 188 
10 15 26 64 87 101 114 159 186 196 
5 29 32 38 42 59 95 143 144 165 
39 56 99 113 114 146 157 158 166 200 
21 59 62 63 70 71 74 131 141 185 
6 25 42 61 81 87 91 98 167 198 
18 19 23 44 53 70 101 151 164 184 
2 25 46 62 79 118 130 133 137 191 
26 73 94 105 139 154 171 191 194 196 
22 56 67 75 82 126 129 146 186 197 
24 27 31 34 75 108 109 161 168 178 
6 17 24 50 51 77 86 164 166 199 
11 26 32 47 103 121 170 178 185 195 
18 71 75 108 112 115 160 165 178 184 
12 48 64 74 76 81 113 155 163 196 
2 14 38 39 84 93 103 109 167 171 
6 15 17 35 74 87 100 122 126 177 
10 90 97 115 121 132 157 166 168 185 
48 53 60 90 105 136 171 188 195 198 
35 62 63 71 114 116 123 126 136 170 
20 49 58 90 92 116 125 162 164 180 
4 49 58 63 94 99 127 132 135 167 
14 32 34 39 93 114 117 155 178 195 
10 68 81 82 108 114 131 146 163 178 
4 5 8 69 78 86 105 128 133 161 
13 23 59 61 119 132 141 154 161 194 
18 37 46 98 100 109 119 135 164 193 
50 105 126 130 141 144 150 154 180 194 
29 39 60 62 89 93 97 115 132 178 
7 24 56 62 73 79 108 131 150 170 
9 26 53 74 90 105 112 147 152 198 
21 56 60 126 133 148 151 172 179 192 
15 29 34 50 58 61 70 116 145 199 
3 9 76 108 126 139 155 173 175 194 
26 37 54 59 98 111 151 155 162 185 
42 47 89 102 107 121 127 134 183 191 
8 38 48 63 139 145 162 164 173 178 
18 36 63 77 91 103 133 150 176 192 
1 
2 
3 
4 
5 
6 
7 
8 
9 
10 
11 
12 
13 
14 
15 
16 
17 
18 
19 
20 
21 
22 
23 
24 
25 
26 
27 
28 
29 
30 
31 
32 
33 
34 
35 
36 
37 
38 
39 
40 
41 
42 
43 
44 
45 
46 
47 
48 
49 
50 
51 
52 
53 
54 
55 
56 
57 
58 
59 
60 
61 
62 
63 
64 
65 
66 
67 
68 
69 
70 
71 
72 
73 
74 
75 
76 
77 
78 
79 
80 
81 
82 
83 
84 
85 
86 
87 
88 
89 
90 
91 
92 
93 
94 
95 
96 
97 
98 
99 
100 
101 
102 
103 
104 
105 
106 
107 
108 
109 
110 
111 
112 
113 
114 
115 
116 
117 
118 
119 
120 
121 
122 
123 
124 
125 
126 
127 
128 
129 
130 
131 
132 
133 
134 
135 
136 
137 
138 
139 
140 
141 
142 
143 
144 
145 
146 
147 
148 
149 
150 
151 
152 
153 
154 
155 
156 
157 
158 
159 
160 
161 
162 
163 
164 
165 
166 
167 
168 
169 
170 
171 
172 
173 
174 
175 
176 
177 
178 
179 
180 
181 
182 
183 
184 
185 
186 
187 
188 
189 
190 
191 
192 
193 
194 
195 
196 
197 
198 
199 
200 
