50
100
13 16 19 25 26 30 46 
6 18 20 23 28 29 46 
6 21 24 28 30 45 46 
14 17 20 22 25 28 44 
4 8 15 29 31 44 45 
3 10 16 23 35 44 48 
1 5 13 16 22 31 42 
2 12 35 36 37 40 50 
3 10 15 17 38 47 49 
9 13 14 21 24 27 41 
2 10 12 21 22 35 37 
1 10 18 32 34 37 47 
2 8 12 13 26 36 43 
5 18 21 26 28 39 48 
9 13 18 30 46 47 49 
1 2 20 23 24 28 34 
2 4 16 18 20 24 41 
1 21 25 26 32 35 38 
5 8 12 22 26 28 46 
10 11 14 19 26 40 42 
4 9 25 27 30 36 41 
16 21 33 37 38 45 46 
4 24 30 31 40 43 47 
2 4 7 15 26 30 37 
6 14 17 21 23 33 43 
10 13 15 18 26 29 41 
5 13 28 32 34 38 46 
29 30 37 38 42 45 47 
2 7 13 15 28 41 43 
1 3 4 14 19 45 46 
5 11 36 38 40 42 48 
3 7 20 31 32 36 38 
1 16 18 19 27 28 39 
6 12 22 28 41 44 49 
6 15 18 36 38 46 50 
1 14 15 16 28 45 50 
7 9 20 32 34 37 50 
1 2 12 16 25 33 41 
14 16 33 35 36 38 46 
7 8 15 30 37 42 50 
2 14 16 29 35 42 43 
5 6 7 23 26 45 47 
12 14 16 33 41 44 48 
4 10 16 17 30 38 43 
3 23 26 39 44 49 50 
3 29 31 35 38 41 42 
9 11 30 32 36 44 50 
11 13 24 26 28 31 38 
2 4 7 16 19 28 50 
7 28 30 36 39 40 48 
1 
2 
3 
4 
5 
6 
7 
8 
9 
10 
11 
12 
13 
14 
15 
16 
17 
18 
19 
20 
21 
22 
23 
24 
25 
26 
27 
28 
29 
30 
31 
32 
33 
34 
35 
36 
37 
38 
39 
40 
41 
42 
43 
44 
45 
46 
47 
48 
49 
50 
