155
40
1 2 3 4 5 6 7 
8 9 10 11 12 
13 14 15 16 17 18 19 20 
21 22 23 24 25 26 
1 27 28 29 30 31 32 33 34 35 
8 36 37 38 39 40 41 42 43 44 
21 27 45 46 47 48 49 50 51 
28 52 53 54 55 
56 57 58 59 60 61 62 
63 64 65 66 67 68 69 70 
36 71 72 73 74 
2 13 37 45 75 76 77 78 79 80 
38 63 75 81 82 83 84 85 86 87 
46 81 88 89 90 91 92 93 94 95 96 
29 52 64 97 98 
14 47 76 97 99 100 
3 39 65 77 101 102 103 104 
4 9 48 105 
66 88 99 106 107 108 109 110 111 
112 113 
5 30 49 56 71 106 114 115 116 117 118 
15 53 89 107 119 120 121 122 
10 31 90 101 119 123 124 125 126 
16 40 72 82 120 127 128 129 130 131 132 
41 57 91 98 112 127 133 134 135 
92 102 114 136 137 138 
17 32 58 67 78 93 103 121 123 139 140 
59 83 133 136 141 142 
11 22 68 84 100 108 141 143 144 
12 23 104 122 128 134 139 145 
6 24 69 79 85 109 129 140 143 146 147 
42 54 60 70 94 124 137 148 149 
18 138 146 150 151 
135 152 153 
50 61 73 86 125 130 147 152 
43 74 95 115 145 148 153 154 
51 62 105 110 116 131 144 154 
19 25 33 80 87 132 142 149 150 155 
7 20 26 34 44 55 96 111 117 151 155 
35 113 118 126 
