413
75
1 2 3 4 5 6 7 8 9 10 11 
12 13 14 15 16 17 18 19 20 21 22 23 
24 25 26 27 28 29 30 31 32 33 34 35 36 37 38 39 
1 12 40 41 42 43 44 45 46 47 48 49 50 51 52 53 54 55 56 
24 57 58 59 60 61 62 63 64 
65 66 67 68 69 70 71 
40 72 73 74 75 76 77 78 79 80 81 
25 82 83 84 85 86 87 88 89 90 91 92 
41 72 93 94 95 96 97 98 99 100 
26 101 102 103 104 105 106 107 108 
2 57 101 109 110 111 112 
3 27 102 113 114 115 116 117 118 119 120 121 122 
73 123 124 125 126 127 128 
28 93 129 130 131 132 133 134 135 136 137 138 139 
4 13 42 82 140 141 142 143 144 145 146 147 148 149 150 151 152 
5 43 94 123 140 153 154 155 156 157 158 159 160 161 
29 74 153 162 163 164 165 166 167 168 
14 30 95 169 170 171 172 173 174 175 176 177 178 
44 124 179 180 181 182 183 184 185 186 
45 96 141 162 187 188 189 190 191 192 193 194 
142 179 195 196 197 198 199 200 201 202 203 204 205 206 207 208 209 
46 83 109 210 211 212 
15 47 103 129 213 214 215 216 217 218 219 220 221 222 223 
195 224 225 226 227 
65 154 228 229 230 231 232 233 
31 84 104 196 213 228 234 235 236 237 238 239 240 
16 143 169 214 241 242 243 244 245 246 247 
66 125 144 187 234 241 248 249 250 251 252 253 254 255 
58 67 85 97 188 210 248 256 257 258 259 260 261 262 263 264 
126 170 180 215 265 266 267 268 269 270 271 272 
130 224 256 273 274 275 276 277 278 279 280 281 
86 155 163 211 282 283 284 285 286 287 288 289 
17 48 156 197 257 290 291 292 293 
87 171 249 265 294 295 296 297 298 
18 198 299 300 301 302 303 304 305 
59 68 131 172 189 225 290 306 307 308 309 310 
88 164 258 273 282 311 312 313 314 315 
132 157 173 190 216 299 316 317 318 319 
113 259 306 320 321 322 323 324 
32 181 191 229 311 325 326 327 
19 49 133 174 199 217 242 266 328 329 330 331 332 333 
33 50 200 274 300 328 334 335 336 337 
20 320 334 338 339 340 341 342 343 344 
75 201 218 275 329 345 346 347 348 349 
145 235 260 267 301 338 350 351 352 353 
6 105 134 158 202 276 294 307 339 350 354 355 356 
21 60 76 110 146 165 268 295 302 321 325 340 357 358 359 360 361 362 
51 127 203 277 283 303 341 363 364 365 366 367 368 369 
52 135 230 243 250 261 291 304 312 322 370 371 372 373 374 
53 114 147 182 192 204 231 251 284 296 357 370 375 376 377 
7 77 166 212 232 316 354 371 378 379 380 
78 111 148 236 285 297 330 342 381 382 
34 106 115 149 167 193 252 278 363 375 383 
8 98 136 159 183 313 317 323 331 384 385 
9 150 219 244 358 386 
35 69 116 137 205 220 305 308 345 378 387 
61 70 117 286 351 383 386 388 389 390 391 
36 79 118 151 233 237 245 279 392 393 394 395 
89 175 184 194 226 238 364 376 396 397 398 
22 90 99 112 138 262 298 346 352 365 384 399 400 
71 287 314 366 379 392 401 402 403 
54 263 335 347 372 387 404 
80 100 119 139 206 264 343 388 393 396 405 
10 91 176 221 239 288 318 348 355 359 406 407 
120 152 269 309 356 389 399 408 
11 55 62 240 246 270 289 324 336 373 381 390 406 409 410 
37 107 253 292 337 344 400 401 409 411 
23 108 121 168 185 222 254 326 367 402 
81 122 207 271 280 353 360 368 408 412 
38 128 177 404 411 413 
92 160 186 223 255 310 319 410 412 413 
39 361 374 380 
161 208 227 315 327 332 349 369 382 397 407 
56 63 293 362 391 394 403 405 
64 178 209 247 272 281 333 377 385 395 398 
