197
45
1 2 3 4 5 6 
7 8 9 10 11 12 13 14 15 16 17 18 19 20 
1 7 21 22 23 24 25 26 
8 27 28 29 30 31 
32 33 34 35 36 
37 38 39 40 41 42 
21 27 43 44 45 46 47 48 49 50 
51 52 53 54 55 56 57 
58 59 60 61 62 63 
2 64 65 66 67 68 69 70 71 72 73 
74 75 76 77 78 79 80 81 82 83 84 
9 37 74 85 86 87 88 89 90 91 92 93 
10 22 28 85 94 95 96 97 98 99 
32 100 101 102 103 104 105 
11 43 64 106 107 108 109 110 
33 58 65 86 111 112 
12 38 51 87 113 114 115 116 
44 94 113 117 118 119 120 121 122 123 
124 125 126 127 
23 88 95 124 128 129 130 131 132 133 134 135 
13 52 59 114 136 137 138 139 
14 29 34 39 66 75 89 100 106 140 141 142 143 144 145 146 147 148 
53 128 136 149 150 151 152 153 154 
3 15 155 156 157 158 
16 30 96 101 149 159 160 161 162 163 
4 54 76 90 97 140 164 165 166 
24 40 45 77 91 111 117 129 137 167 168 169 170 171 
17 25 41 46 60 125 130 155 164 172 173 
47 67 78 115 150 174 175 176 
31 68 98 107 131 151 167 177 178 179 
174 
92 99 116 118 156 159 165 168 180 
48 79 132 141 180 181 182 183 
49 69 80 184 185 186 
81 119 169 172 177 181 
5 26 55 70 120 138 142 160 187 
50 102 108 126 143 178 182 
18 109 121 144 152 161 188 
19 42 93 103 112 145 153 157 162 173 175 179 188 189 
20 35 133 146 170 190 191 
36 56 61 82 127 184 189 192 193 194 
71 83 104 147 158 176 185 187 190 195 196 
72 84 105 122 134 163 192 195 
6 62 73 123 139 154 166 193 197 
57 63 110 135 148 171 183 186 191 194 196 197 
