118
30
1 2 3 4 5 6 7 8 
9 10 11 12 13 14 
1 15 16 17 18 19 20 21 
22 23 24 25 26 27 28 29 
2 9 15 30 31 32 33 34 35 36 37 38 39 40 
30 41 42 43 44 45 46 47 
3 31 48 49 50 
4 10 51 52 53 54 55 56 57 58 
32 59 60 61 62 63 64 65 66 
33 51 59 67 68 69 70 71 
16 22 34 41 52 60 72 73 74 75 76 77 
23 35 72 78 79 80 
36 53 61 81 82 83 84 85 
24 48 62 67 73 86 87 88 89 90 
5 37 42 54 63 74 81 91 92 93 
11 25 43 75 82 91 94 95 96 97 
68 98 99 100 101 
26 38 55 69 83 94 102 103 104 
17 39 44 64 84 98 105 106 107 108 
45 56 78 86 109 
46 87 95 105 110 
6 18 92 102 
19 49 65 88 96 106 111 
12 79 99 107 109 112 113 
20 27 70 85 112 114 115 116 
7 13 40 50 57 76 80 100 111 114 117 118 
47 89 101 103 
14 21 28 77 93 108 110 113 115 
8 97 116 117 
29 58 66 71 90 104 118 
