245
50
1 2 3 4 5 6 7 8 9 
10 11 12 13 14 15 16 17 18 19 20 21 
22 23 24 25 26 27 28 29 30 
31 32 33 34 35 36 37 38 39 40 41 
1 42 43 44 45 46 47 48 49 50 51 52 
31 42 53 54 55 56 57 
58 59 60 61 62 63 64 
2 10 32 65 66 67 68 69 70 
43 71 72 73 74 75 76 77 
22 33 78 79 80 81 
82 83 84 85 86 87 88 89 90 91 92 
3 11 93 94 95 96 
65 97 98 99 100 101 102 103 104 105 106 107 
23 53 58 82 97 108 109 110 111 112 113 
59 71 114 115 116 117 118 119 120 121 122 
4 44 83 123 124 125 126 127 128 129 
5 108 114 130 131 132 133 134 135 136 
34 45 66 98 123 137 138 139 140 141 142 
84 143 144 145 146 147 148 
54 60 67 115 130 149 150 151 152 153 
72 93 116 124 131 154 155 156 157 158 
46 109 159 160 161 162 
47 73 117 159 163 164 165 166 167 
61 78 168 169 170 171 172 
12 62 74 94 99 110 173 174 175 176 177 178 
13 35 118 149 173 179 180 181 182 183 184 185 
48 79 125 132 137 143 160 163 179 186 187 188 
6 36 80 100 144 174 180 189 190 191 192 193 
14 24 101 111 168 194 195 196 
102 145 197 198 199 200 
85 133 164 189 201 202 203 
7 25 134 138 175 181 204 205 206 207 
37 169 176 190 194 208 209 210 
49 86 126 161 177 182 208 211 212 213 
15 63 95 154 165 197 204 214 215 216 217 
8 50 87 103 119 209 211 214 218 219 220 221 
16 81 88 150 155 186 222 223 
17 55 68 75 89 146 151 178 183 191 201 212 224 225 226 
9 26 64 90 112 156 170 202 227 228 
18 27 127 171 215 218 222 229 230 231 
28 76 91 139 157 166 195 213 216 219 227 232 
29 69 96 140 158 220 233 234 
19 56 92 104 120 141 198 205 224 228 233 235 236 237 
51 105 142 147 152 229 235 238 
20 38 77 121 162 187 203 206 210 230 238 239 240 
39 52 57 128 135 184 192 236 239 241 242 
30 221 223 241 243 
21 40 106 113 185 207 225 234 244 245 
107 129 148 153 167 188 193 196 199 217 226 243 244 
41 70 122 136 172 200 231 232 237 240 242 245 
